2
cat: All Category
1 - Multiple :: Affects
assign a1, a2;
Select <a1, a2> such that AffectsBip(a1, a2) and Modifies(a1, "b")
112 102,112 106,112 108,112 111,112 19,112 20,112 24,112 32,112 39,112 64,112 65,112 67,112 78,112 83,112 94,25 24,30 102,30 106,30 108,30 111,41 102,41 106,41 108,41 111,41 43,41 78,41 94,50 102,50 106,50 108,50 111,50 78,50 94,54 102,54 106,54 108,54 111,54 78, 54 94,80 102,80 106,80 108,80 111,80 81
5000
2 - Multiple :: Affects
assign a1, a2;
Select <a1, a2> such that AffectsBip(a1, a2) and Modifies(a1, "c")
106 102,106 11,106 111,106 25,106 30,106 34,106 41,106 64,106 65,106 67,106 74,106 78,106 83,17 18,26 102,26 111,26 25,26 30,26 34,26 41,26 64,26 65,26 67,26 78,37 102,37 111,37 39,37 64,37 65,37 67,37 78,53 102,53 111,53 54,53 64,53 65,53 67,53 78,7 102,7 11,7 111,7 25,7 30,7 34,7 41,7 64,7 65,7 67,7 78,72 102,72 111,72 64,72 65,72 67,72 74,72 78,81 102,81 11,81 111,81 25,81 30,81 34,81 41,81 64,81 65,81 67,81 74,81 78,81 83